1.0 -4992.832323232323 0.24798785326373574 0.02435319824665785 0.001333068045200362 2498.179797979798 0.06398011979197132 0.0016210084687918425 0.001303532736858859
1.1 -4985.030303030303 0.3458575989275587 0.03914753849595046 0.0019704664408720894 2496.147474747475 0.09150460776590595 0.0030143135670911182 0.0020703390422817
1.2 -4971.19191919192 0.5005471298434404 0.06890054302807481 0.002802131538410125 2492.450505050505 0.13586168276848315 0.006091270959004759 0.003616010986823306
1.3 -4951.264646464647 0.6395149347166195 0.09583184809638899 0.0046013191271420725 2487.1111111111113 0.1772080453460036 0.009565742898732422 0.005740343267692628
1.4 -4921.090909090909 0.8431226776624099 0.14362189614118964 0.00715846592328675 2478.70303030303 0.23846662427660417 0.01608504788178418 0.008425890348829967
1.5 -4878.084848484848 1.0462154419973153 0.1926437481893432 0.00813483731932415 2466.2949494949494 0.32024164867652877 0.02707444437642892 0.013637266119955128
1.6 -4821.3050505050505 1.315011037954947 0.2674939827568594 0.013126315999796825 2449.1535353535355 0.4160422779592822 0.042840066319564336 0.017463317852930694
1.7 -4744.432323232323 1.552374737437026 0.3302101940731274 0.015211177737663291 2424.660606060606 0.5514781165982842 0.07084396046027538 0.023922409969596537
1.8 -4648.218181818182 1.9195238609076708 0.4503365597620971 0.019904178399154877 2392.420202020202 0.7323790964130289 0.1180034109898325 0.03626573393661005
1.9 -4521.252525252526 2.3387934865315603 0.60002830170776 0.031998824385856044 2344.1737373737374 0.9972936120775372 0.2072944427797276 0.05702631661487813
2.0 -4363.3050505050505 2.786783907890619 0.7688502903781824 0.036282656072258584 2276.6 1.5195544108688779 0.4571910303032024 0.07305151964957529
2.1 -4142.3353535353535 3.2483404697151634 0.9475010112580114 0.04724506462484218 2160.3555555555554 2.4576110142165906 1.1389435006147688 0.1004567868069485
2.2 -3869.7737373737373 4.024952945922198 1.3254746904727521 0.06135241616487382 1971.531313131313 4.323755104955027 3.36507447737252 0.15666101185164819
2.3 -3392.1575757575756 5.257771216559239 2.0693925583382278 0.09504460931363154 1158.010101010101 17.117449003895675 50.448172138601684 0.2106196827094154
2.4 -3008.589898989899 3.920721285870667 1.0568288088516167 0.05040516288856955 508.5919191919192 10.485516080775886 18.141097834234593 0.12342795071636999
2.5 -2773.8343434343433 3.808375632603417 0.918956013402759 0.04081278323975751 353.6020202020202 7.718506891476593 9.436735223589425 0.10114204756991502
2.6 -2574.193939393939 3.597278552180484 0.7580478610744769 0.039285239068025765 242.16969696969696 5.803263306493909 5.129397900685173 0.08753418668870033
2.7 -2410.359595959596 3.2800753000380003 0.5844337467314216 0.0231612419682444 209.26868686868687 4.576161880291175 3.071384441345742 0.07397879251480828
2.8 -2276.448484848485 3.16933721309301 0.5073597646220962 0.02507750973071994 173.23030303030302 4.231423145159749 2.5322703450085258 0.06479682224706666
2.9 -2148.492929292929 3.090053266760007 0.4496049892747334 0.018641167886538832 153.1131313131313 3.5827668175396665 1.7528077087137484 0.05367908207113786
3.0 -2040.141414141414 3.0461853491087143 0.40828678796949436 0.021638942346101784 137.4848484848485 3.304966113726986 1.4418097337006412 0.0570595651051463
