1.0 -4753.414141414141 0.020522812739370854 0.1651216977864504 0.007488599604827793
1.1 -4724.6343434343435 0.014264829151627407 0.06592925363458878 0.0028482282227858453
1.2 -4701.159595959596 0.01811198551385945 0.08930998424068091 0.003801271734676711
1.3 -4667.527272727273 0.02416310962467863 0.13544074200755035 0.006534842132505962
1.4 -4623.680808080808 0.02829585484539124 0.1601474201930116 0.006321412385314137
1.5 -4568.638383838384 0.035307774856583735 0.21721437331835414 0.009799079440690361
1.6 -4501.519191919192 0.04297027321160946 0.28276564636267704 0.012610014620090535
1.7 -4410.509090909091 0.05236292460797679 0.371946372818266 0.018092737745167068
1.8 -4315.357575757575 0.05934204969376992 0.42609894228524225 0.021507240587804496
1.9 -4157.9717171717175 0.07261602557370211 0.5726485025408026 0.02359237082942373
2.0 -4013.10303030303 0.08877191459081785 0.7723631808999919 0.03715380219177615
2.1 -3781.40202020202 0.10474675106682498 0.97537790567443 0.04725041949594093
2.2 -3502.2909090909093 0.12530663994440308 1.271842075146672 0.05476602031217086
2.3 -3246.6545454545453 0.12326413193369047 1.1260253082467884 0.052739667800769156
2.4 -2959.4383838383837 0.12137576844370847 1.002702002063289 0.043696162588937486
2.5 -2738.8444444444444 0.11763853529066845 0.8680596715600482 0.04072946763879189
2.6 -2551.0949494949496 0.10363254823931213 0.622839344614598 0.027878681404627407
2.7 -2394.238383838384 0.10469546588899058 0.5894657821791809 0.02649278908045519
2.8 -2255.6929292929294 0.10143074667435745 0.5144623093436257 0.024557829457625316
2.9 -2137.608080808081 0.09770155378088814 0.44497675616342824 0.019859428296598147
3.0 -2032.969696969697 0.09449673059807313 0.3889747740026559 0.01635025270669704
